160.9894113830400 -59.5476096936900
308.3087899745300 +41.3394178093900
300.87249522 +36.02514116          
038.2059197477500 +61.3783581624700
040.7167747287500 +56.9045732816100
036.6957915439700 +58.8758663145500
308.2947345528000 +41.2522839917700
134.4775752517400 -47.7376969148400
259.7750957930400 -38.7791689516300
308.5354783117400 +41.6165023619700
276.4297778867599 -09.7530648450600
305.7949334795800 +40.8749576481000
269.8681955705900 -36.0209970613400
261.5722156986700 -10.9929959743000
123.9523550835500 -35.6313509262300
304.7854046461999 +39.2734036212800
164.1491113838200 -61.7089688393100
252.4510469300799 -42.0017159588200
298.0906871918200 +18.6718753669400
303.6267815840299 +37.3538378546400
259.3625384412700 -35.5366670437700
042.9491585084500 +57.0484638618200
279.0526593392500 -14.1155091495900
080.1795050074800 +37.4386652961300
252.8905075217800 -41.2305331998600
001.0158102723900 +62.2219470002400
274.5139314815100 -11.2941196080600
268.7251800049599 -24.8870955945600
162.9697888559500 -58.9764632021000
215.0949348521100 -60.8895125745100
131.7566338728400 -44.0746801336700
326.2219964123499 +62.4605690686800
073.5125433263 +66.3426767964      
253.5484981911900 -41.8492486420900
318.1182900743400 +44.5317025330500
332.9108352996700 +52.4299862820300
331.2866239721200 +62.2798146027600
126.2324508375200 -44.3008351425400
109.6770267463 -24.9543725831      
253.7638728658799 -42.0908307838400
347.7789516479700 +53.0582369225700
256.6182032330100 -35.4510446092100
211.8776846778900 -64.4691058716300
134.3702185327800 -50.7494993024400
297.9961198494500 +47.0273386330400
083.00166706 -00.29909511          
181.4578351716300 -69.5730545196200
307.6457045421699 +44.3152387592700
248.5209178396 -44.0453133767      
000.9895938527400 +61.1036372316700
180.6158180182999 -58.2428774911600
302.4607560085600 +45.4029130084200
257.4711940032299 -47.0314406283500
253.3692414571100 -42.1214028209500
099.6591136951800 +01.6135208912800
122.7570134665200 -37.2923748027000
025.2198191887900 +64.1730873316000
253.7307058054000 -40.5248314437700
261.1863787787200 -34.2007495356100
161.1876146187800 -59.5651891596800
274.6517521181400 -13.8006724766100
162.1573813966100 -60.2237551354600
274.6702797756700 -12.1064909012900
254.2277892382200 -40.5123451940100
167.2156985758900 -60.7594192583100
260.2194092058400 -36.0723793756900
301.4158428370000 +35.6077753605300
161.0302513947900 -59.5751732045200
308.0575913145700 +41.4533351433500
269.7385767377600 -22.5175459298600
260.2108866698600 -35.8627871767200
083.7844836696300 +09.9341642573100
198.4397221169083 -63.5865885794756
346.30388170 +58.24148599          
161.1828149028900 -59.3569837050700
058.9100923720600 +52.6413188794300
304.7154557484840 +38.2795844966838
041.0529850078800 +56.6575676569800
123.821483 -35.737422              
166.2312561924500 -61.0516085602100
257.0582573113400 -35.0043532253200
300.2500166870099 +42.0085618302100
118.4091882995200 -26.2340550157100
160.9766490587600 -59.5493047963100
098.0387783765000 +04.8235293598800
166.8867363549800 -59.9635290001500
038.3357808301100 +61.5217191007900
161.2746449629800 -59.6683126000100
259.8767409084400 -35.7100339178500
097.9813354465600 +04.9428601433600
161.1347461645800 -59.7419502235500
174.5412986765000 -63.1968374004000
161.1560844312400 -59.5487390347500
161.1741509600100 -59.7823347858100
092.4148868203900 +20.4876251665500
254.7307892470899 -40.2426048371900
158.3011071048100 -58.1704594386500
274.2068931663899 -16.5178633793300
032.2603091654400 +57.9322079120100
161.1510338334200 -60.0913585442000
158.6943010391400 -58.1561217963600
161.00055900 -60.08576100          
080.6670649020200 +33.3192777416700
254.0217321679900 -40.3493267389400
081.9006078155200 +34.7552785850900
229.7047636189100 -60.4963322119500
162.5062801740800 -57.8739633247200
168.6329279620300 -59.0246784805900
174.5948793029300 -63.2007777972100
302.7428330745500 +41.3527574512700
099.1078668587400 +06.0831873326500
142.6552379459200 -51.6596373541500
097.9688830380400 +05.0331051883400
160.9806649671700 -59.5469078950500
109.8754267170300 -22.0047997410700
035.7262180193900 +41.4799234331800
160.8139137922300 -60.2011755506400
253.5551054447299 -41.8423661389400
160.9895060429500 -60.0911597337000
339.8153276550 +39.0502697644      
343.9269100973900 +62.3063392500700
166.7490894155800 -59.6678819820600
098.0436279088767 +04.9666013645397
030.6255285241800 +55.6239922976500
160.8247713409100 -60.1342443159000
302.7571111031500 +42.1267784653900
258.9614721619686 -33.7370155841312
086.4995625995600 -32.3064339616100
079.0756222103400 +34.3123178900000
326.9157903023099 +59.7003746243600
082.9827507829 -07.3015380992      
160.9901891642100 -59.5482680735500
270.9685208545900 -24.3607311816700
013.2050583048300 +56.6276423757900
305.0372446291800 +37.8309203219100
096.2554189672200 +19.8489224704300
161.5237573891100 -59.8470502123300
160.9445233333200 -59.5485684724000
274.3903369470500 -12.0952323229600
358.2717357496000 +60.9124105679400
036.6433117 +62.0117722            
039.0759162254700 +62.9481506767200
174.7636505504500 -63.4297368715200
314.1449079429499 +44.9247224699800
172.2257585884800 -62.6527325268300
080.693921800 +33.419817500        
299.9545951036300 +35.3093195030100
161.3918570321400 -59.9573913198400
256.3804574372300 -41.5222531129400
295.7957209686100 +23.2959345200000
161.0378147788000 -59.5764981372600
100.24441512 +09.89575637          
080.6653479797046 +33.3717383648725
038.1511591099000 +61.4737739421700
043.5444723243400 +60.6509702380700
190.5529256658200 -60.6524186231900
304.8805280126599 +39.0572862680100
300.5904948870000 +35.6749514448800
301.1134256138100 +33.7051069429200
254.0626105466300 -40.6599700702600
263.6770505572400 -32.5816654031100
096.1598110319300 +19.7043906487200
098.5982054095000 +02.5341512055500
341.9607907769100 +58.0867661027300
336.3899174358900 +63.4173933577400
155.9352263381800 -57.6420930386200
080.6833278815400 +33.4407379117000
270.5981364670800 -23.0308332100500
106.6498549728500 -12.3939501760000
275.0715752635800 -12.1720066575200
296.4254798355800 +25.3545582865100
295.5477892723100 +23.4334781564900
275.1420652627700 -13.9543659156900
171.6537708176900 -59.4371094797500
059.7812081939300 +57.2365727326100
174.5506970323700 -63.3907777012000
174.9409933653200 -63.4778104527400
100.66894662 +01.71618252          
129.78972551 -40.41923910          
159.9036179685500 -57.4612873006400
343.1273159216400 +62.4405408627500
270.4678359480200 -19.1061332221100
316.9808959007399 +33.3970079302700
013.2039744922300 +56.6252348434800
110.5085608644700 -08.9793795342800
133.5025582180100 -42.4857676181500
038.0697992852900 +61.5541656728700
238.91500617 -54.64351008          
211.8568319010200 -60.4705988109300
270.0831438343900 -28.6207384187700
272.9879131762300 -20.4233748200900
275.8565020849100 -26.9530122464100
317.95098965 +59.98661178          
324.6095169118100 +56.9737386266300
083.4214695634500 +36.4597131992100
330.1636038021300 +62.4877955238900
107.5339531789600 -11.8027330388900
253.5279925737100 -41.8519386381800
253.5587638678000 -41.8356954202000
167.6751934753600 -60.3844766489900
296.7614202921300 +24.8487643485600
222.3906878085000 -56.4273540608500
274.2440183861299 -18.9681094698600
023.1363380805900 +61.1294003320300
296.5662557662199 +32.1161570824500
202.5979940798100 -78.8557077040700
182.4357581926300 -62.5818406312100
161.1228214265600 -59.9550262540900
197.0293735570700 -65.3074944414000
253.5479890066600 -41.6419355097800
085.189880029 -01.943218622        
032.3752982692800 +58.7837643727200
108.6177206493600 -10.3162455062700
204.2478913708499 -63.6460317425100
038.0452260630700 +61.5522056134400
161.0549902241200 -59.7195136293500
161.8026407983700 -60.0974483476100
253.5149621759500 -41.7916225781900
118.2542108818400 -27.1160471472800
274.6670577257099 -13.7551675643600
207.8915939281200 -58.5395195360200
284.3987855569900 -19.1531289421400
167.1775749771700 -57.0658092074100
083.0577069582900 +40.0660826370900
193.9880567711900 -56.8358057139700
130.1991313554300 -45.0583987693400
247.5971342430400 -37.9725471381300
251.7338228988900 -45.8873089892900
258.9589530523800 -45.9107669909800
281.8507556386900 -09.3082009119100
060.8152020208000 +56.5402429680200
218.7268048773500 -60.4277119372500
175.1541774628396 -62.5681017966947
085.189696429 -01.942572322        
273.8037763713600 -20.7282687778800
033.9413959963800 +55.9963131931900
253.1973934798800 -41.7858308238900
280.8737791918500 -09.3201683657700
045.1238026313900 +62.7219589049600
131.8547411597100 -36.7507417890600
162.0646769942400 -60.2657689006700
163.096988300 -58.746546400        
203.5499254357000 -62.4171621408000
305.9966090630100 +39.1042475448600
259.1097202393899 -42.6678118278000
014.0592277204300 +61.7602707842900
276.4120846937800 -14.7515855627300
035.4683839836800 +56.9050088969100
133.7797650699200 -47.6075449309800
304.6237277362300 +38.8777152290900
038.5105404928800 +61.3863549341800
344.1966198294999 +62.7271269927500
083.9188603042800 +21.4032554449600
098.4623194771900 +04.5254481101400
014.9482951689400 +63.6078473728200
276.0860469393600 -10.8095305828900
214.5497470170500 -51.5038486874900
131.2930858298700 -46.0386776855200
092.2325942193700 +15.7050533627900
271.5194968978500 -24.1955250931800
091.4685678123100 +48.2492827473700
097.8369201432400 +04.8344007096500
253.6082047025900 -41.8321578310700
013.2064834363000 +56.6268952929700
309.0758594941400 +37.4174487326300
249.2937979369600 -47.1305079593300
269.8596261445400 -22.4669060203300
253.4652351937000 -41.8424212353400
174.4935216209400 -63.3165153186900
284.5448587281300 -20.4237616560100
319.6132759246900 +43.9459442077400
167.9565810821900 -60.6995176215200
059.7412595488 +35.7910314458      
251.0300446948700 -46.1416231458800
038.2349293607200 +55.3275155520100
085.6298269993000 +36.2001411996500
105.0878181119300 -05.8266539452900
279.7657267406200 -07.8598446610200
332.8774021296000 +59.4144872958000
068.0076696128600 +53.9108377136600
153.9170225527000 -51.2566925665400
271.1556565410200 +01.9189932362300
350.1854728940600 +61.1945918244400
303.1380015589500 +40.2681793541300
335.8225827675700 +55.6339432765200
105.3627026391200 -03.1175795233200
176.7266841192500 -61.4630520489400
249.2897460604 -10.5670915197      
032.8737513754200 +56.1588115941000
302.0296397283100 +42.6061006818000
155.5869805748100 -59.7554702169800
162.0979641588000 +37.5703009256700
203.0358272988200 -60.8154123884200
158.3762471465900 -60.1277900495400
035.5445851731300 +59.5496925798900
161.3030061097900 -59.7461525312300
251.6424816359200 -41.6107007330700
048.5222340230700 +59.5634682174200
330.5190526126099 +58.0003638218100
083.8454218326100 -05.4160646200300
083.8582579471 -05.9099009825      
161.0954521816200 -59.9933251361000
259.6908820658999 -42.8916467848800
084.8533434720100 +30.8907676478800
262.3038552187800 -31.5342853811500
161.3188257119000 -59.7269585635400
229.2370662914999 -60.9572555772600
267.3189925075800 -31.2550190983900
253.4999604981200 -41.7146714484000
304.52911749 +40.73208337          
199.6473301627658 -62.4912244137653
040.1872885788200 +61.2822210052000
251.6619701946900 -47.0901732412600
166.8080595723200 -59.8731056963400
172.7955172830100 -65.7422497688300
036.9992139760500 +52.5493305160200
305.8451681671400 +40.1562566231700
304.6967511728800 +36.3405791977100
304.6967511728800 +36.3405791977100
212.6832040642700 -62.4790139074200
212.6832040642700 -62.4790139074200
004.4294304721900 +51.4330879029800
250.3310180561099 -48.7632135470000
250.3310180561099 -48.7632135470000
274.3689877950500 -18.4634513819800
274.3689877950500 -18.4634513819800
301.8486884847000 +35.7182968838830
301.8486884847000 +35.7182968838830
313.0149049336000 +34.6576350336400
341.7254615645300 +58.0843149313300
259.9423499551700 -36.0978715161800
259.9423499551700 -36.0978715161800
161.4338326549100 -59.4078203613500
099.3501753560600 +06.1353803067900
080.6220935288400 +33.5140150345700
080.6220935288400 +33.5140150345700
273.1027297605800 -10.7314057639000
273.1027297605800 -10.7314057639000
159.3276250997200 -58.6282718676900
272.3237496250800 -23.9883975544600
253.6333535740500 -41.8052358225100
161.0015464896700 -59.8743116052500
255.3041991673400 -38.2033017512600
213.75669230 -61.70677307          
161.0368252538700 -59.5762526996000
258.8430189104900 -38.2129695916000
308.8273550986300 +46.8341427726300
174.9581472227600 -63.4787637275500
174.9581472227600 -63.4787637275500
271.2939610803400 -24.3985688328000
271.2939610803400 -24.3985688328000
097.9099868262900 +05.0267767841100
000.5428696025400 +67.4089524616100
000.5428696025400 +67.4089524616100
042.8102198799900 +60.3861270110700
107.3343721463700 -10.3465653024900
159.3456878527600 -58.6230443200000
198.68492748 -63.58105769          
203.6808650922862 -63.3354491796670
253.5419242528400 -41.8250386921100
270.9868441107200 -24.3125327918200
273.8040376161800 -20.3879697351000
274.6501743096600 -13.7934582587600
082.4277071195367 +35.3750271505642
132.5875698487100 -42.0897908428300
249.0940118749100 -42.8588617021600
100.4967952609400 +06.3454257142700
167.5249677677500 -60.2491363633200
253.5220733988600 -41.0794771655400
275.2593054123600 -16.0169464694400
324.7400815716799 +57.4890427823000
161.3009209523700 -59.7501225024700
118.0845173866454 -26.4296341772525
174.58483808 -63.37274691          
308.8026538868800 +46.8533634614700
161.3036195041200 -59.7386680715400
253.4816992121900 -41.8809712231300
270.9180005134600 -24.3785715390200
274.5245614011800 -12.2425871114200
260.3158255922900 -37.9859853783500
215.0376656127199 -61.0818392730500
336.7181859397999 +63.7180311525900
308.459863 +45.661375              
304.2813926213200 +41.9573547946000
274.7341228326500 -13.8086368193300
275.592992 -14.619017              
306.3421969908000 +40.2170019346400
059.8262222793200 +57.2371547998400
037.9878756317500 +61.6122079716500
174.4518097912800 -63.3231996004200
199.0200044134300 -62.5837474432100
250.3350649578400 -48.7629806847300
038.1772362088200 +61.4559924726000
042.78322975 +60.41774223          
044.8465457238800 +60.5665332475600
084.6865224285500 -02.6000786610800
159.3428360225800 -58.6230146038800
161.1405805245600 -59.7376206797100
109.6682455640400 -24.5586995134800
255.9865523455100 -37.8441425920700
322.2406634649100 +58.7397884522100
283.8463562892000 +09.3466909655400
123.5158313777600 -36.9522050160700
261.18125 -34.19911                
161.0432876108800 -59.7197518057000
335.0907222773700 +56.1478725018700
343.9372406276900 +56.4768456778900
080.0027039038200 +38.9120848590000
343.7853592400200 +56.3830278751500
161.1971036926900 -59.7314660899400
000.4452828306600 +67.5069728700500
304.3737674513400 +37.3086467466800
208.2350557935700 -62.7206278671200
258.8301994461300 -33.5484164941700
096.8157433633800 +14.8892258093500
058.8461572733700 +31.0458443989300
088.6863814078900 +13.8547401014900
114.2738855802200 +16.9042500910700
083.8186095697000 -05.3897005033000
248.4682788273000 -48.1112434496500
120.89603141 -40.00314780          
299.5903155649800 +35.2016068090800
001.5141210591400 +63.6796586724800
302.3692108323600 +35.7336906816400
118.9702133624000 -28.6296642373400
271.3572270397000 -23.0056485972200
164.6894308239800 -61.1785987265600
253.7768747600300 -44.9892679922100
253.7437712799400 -41.1508591876700
