10 43 57.4587319296 -59 32 51.3948
20 33 14.1095938872 +41 20 21.9041
20 03 29.39885 +36 01 30.5082     
02 32 49.4207394600 +61 22 42.0893
02 42 52.0259349000 +56 54 16.4638
02 26 46.9899705528 +58 52 33.1187
20 33 10.7362926720 +41 15 08.2223
08 57 54.6180604176 -47 44 15.7088
17 19 06.0229903296 -38 46 45.0082
20 34 08.5147948176 +41 36 59.4085
18 25 43.1466928224 -09 45 11.0334
20 23 10.7840350992 +40 52 29.8475
17 59 28.3669369416 -36 01 15.5894
17 26 17.3317676808 -10 59 34.7855
08 15 48.5652200520 -35 37 52.8633
20 19 08.4971150880 +39 16 24.2530
10 56 35.7867321168 -61 42 32.2878
16 49 48.2512632192 -42 00 06.1774
19 52 21.7649260368 +18 40 18.7513
20 14 30.4275801672 +37 21 13.8162
17 17 27.0092259048 -35 32 12.0013
02 51 47.7980420280 +57 02 54.4699
18 36 12.6382414200 -14 06 55.8329
05 20 43.0812017952 +37 26 19.1950
16 51 33.7218052272 -41 13 49.9195
00 04 03.7944653736 +62 13 19.0092
18 18 03.3435555624 -11 17 38.8305
17 54 54.0432011904 -24 53 13.5441
10 51 52.7493254280 -58 58 35.2675
14 20 22.7843645064 -60 53 22.2452
08 47 01.5921294816 -44 04 28.8484
21 44 53.2791389640 +62 27 38.0486
04 54 03.0103983 +66 20 33.636467 
16 54 11.6395658856 -41 50 57.2951
21 12 28.3896178416 +44 31 54.1291
22 11 38.6004719208 +52 25 47.9506
22 05 08.7897533088 +62 16 47.3325
08 24 55.7882010048 -44 18 03.0065
07 18 42.4864191 -24 57 15.741299 
16 55 03.3294878112 -42 05 26.9908
23 11 06.9483955128 +53 03 29.6529
17 06 28.3687759224 -35 27 03.7605
14 07 30.6443226936 -64 28 08.7811
08 57 28.8524478672 -50 44 58.1974
19 51 59.0687638680 +47 01 38.4190
05 32 00.40009 -00 17 56.7424     
12 05 49.8804411912 -69 34 22.9962
20 30 34.9690901208 +44 18 54.8595
16 34 05.0202815 -44 02 43.128156 
00 03 57.5025246576 +61 06 13.0940
12 02 27.7963243920 -58 14 34.3589
20 09 50.5814420544 +45 24 10.4868
17 09 53.0865607752 -47 01 53.1862
16 53 28.6179497064 -42 07 17.0501
06 38 38.1872868432 +01 36 48.6752
08 11 01.6832319648 -37 17 32.5492
01 40 52.7566053096 +64 10 23.1143
16 54 55.3693932960 -40 31 29.3931
17 24 44.7309068928 -34 12 02.6983
10 44 45.0275085072 -59 33 54.6809
18 18 36.4205083536 -13 48 02.4209
10 48 37.7715351864 -60 13 25.5184
18 18 40.8671461608 -12 06 23.3672
16 56 54.6694171728 -40 30 44.4426
11 08 51.7676582136 -60 45 33.9093
17 20 52.6582094016 -36 04 20.5657
20 05 39.8022808800 +35 36 27.9912
10 44 07.2603347496 -59 34 30.6235
20 32 13.8219154968 +41 27 12.0065
17 58 57.2584170624 -22 31 03.1653
17 20 50.6128007664 -35 51 46.0338
05 35 08.2760807112 +09 56 02.9913
13 13 45.5333080580 -63 35 11.7188
23 05 12.93161 +58 14 29.3496     
10 44 43.8755766936 -59 21 25.1413
03 55 38.4221692944 +52 38 28.7479
20 18 51.7093796362 +38 16 46.5041
02 44 12.7164018912 +56 39 27.2435
08 15 17.156 -35 44 14.72         
11 04 55.5014861880 -61 03 05.7908
17 08 13.9817547216 -35 00 15.6716
20 01 00.0040048824 +42 00 30.8225
07 53 38.2051918848 -26 14 02.5980
10 43 54.3957741024 -59 32 57.4972
06 32 09.3068103600 +04 49 24.7056
11 07 32.8167251952 -59 57 48.7044
02 33 20.5873992264 +61 31 18.1887
10 45 05.9147911152 -59 40 05.9253
17 19 30.4178180256 -35 42 36.1221
06 31 55.5205071744 +04 56 34.2965
10 44 32.3390794992 -59 44 31.0208
11 38 09.9116823600 -63 11 48.6146
10 44 37.4602634976 -59 32 55.4605
10 44 41.7962304024 -59 46 56.4052
06 09 39.5728368936 +20 29 15.4505
16 58 55.3894193016 -40 14 33.3774
10 33 12.2657051544 -58 10 13.6539
18 16 49.6543599336 -16 31 04.3081
02 09 02.4741997056 +57 55 55.9484
10 44 36.2481200208 -60 05 28.8907
10 34 46.6322493936 -58 09 22.0384
10 44 00.13416 -60 05 08.7396     
05 22 40.0955764848 +33 19 09.3998
16 56 05.2157203176 -40 20 57.5762
05 27 36.1458757248 +34 45 19.0029
15 18 49.1432685384 -60 29 46.7959
10 50 01.5072417792 -57 52 26.2679
11 14 31.9027108872 -59 01 28.8425
11 38 22.7710327032 -63 12 02.8000
20 10 58.2799378920 +41 21 09.9268
06 36 25.8880460976 +06 04 59.4743
09 30 37.2571070208 -51 39 34.6944
06 31 52.5319291296 +05 01 59.1786
10 43 55.3595921208 -59 32 48.8684
07 19 30.1024120872 -22 00 17.2790
02 22 54.2923246536 +41 28 47.7243
10 43 15.3393101352 -60 12 04.2319
16 54 13.2253067352 -41 50 32.5181
10 43 57.4814503080 -60 05 28.1750
22 39 15.6786372 +39 03 00.971152 
22 55 42.4584233736 +62 18 22.8213
11 06 59.7814597392 -59 40 04.3751
06 32 10.4706981304 +04 57 59.7649
02 02 30.1268458032 +55 37 26.3722
10 43 17.9451218184 -60 08 03.2795
20 11 01.7066647560 +42 07 36.4024
17 15 50.7533188725 -33 44 13.2561
05 45 59.8950238944 -32 18 23.1622
05 16 18.1493304816 +34 18 44.3444
21 47 39.7896725544 +59 42 01.3486
05 31 55.8601879 -07 18 05.537157 
10 43 57.6453994104 -59 32 53.7650
18 03 52.4450051016 -24 21 38.6322
00 52 49.2139931592 +56 37 39.5125
20 20 08.9387110032 +37 49 51.3131
06 25 01.3005521328 +19 50 56.1208
10 46 05.7017733864 -59 50 49.3807
10 43 46.6855999968 -59 32 54.8465
18 17 33.6808672920 -12 05 42.8363
23 53 05.2165799040 +60 54 44.6780
02 26 34.3948 +62 00 42.380       
02 36 18.2198941128 +62 56 53.3424
11 39 03.2761321080 -63 25 47.0527
20 56 34.7779063080 +44 55 29.0008
11 28 54.1820612352 -62 39 09.8370
05 22 46.541232 +33 25 11.34300   
19 59 49.1028248712 +35 18 33.5502
10 45 34.0456877136 -59 57 26.6087
17 05 31.3097849352 -41 31 20.1112
19 43 10.9730324664 +23 17 45.3642
10 44 09.0755469120 -59 34 35.3932
06 40 58.65963 +09 53 44.7229     
05 22 39.6835151291 +33 22 18.2581
02 32 36.2781863760 +61 28 25.5861
02 54 10.6733578416 +60 39 03.4928
12 42 12.7021597968 -60 39 08.7070
20 19 31.3267230384 +39 03 26.2305
20 02 21.7187728800 +35 40 29.8252
20 04 27.2221473144 +33 42 18.3849
16 56 15.0265311912 -40 39 35.8922
17 34 42.4921337376 -32 34 53.9954
06 24 38.3546476632 +19 42 15.8063
06 34 23.5692982800 +02 32 02.9443
22 47 50.5897864584 +58 05 12.3579
22 25 33.5801846136 +63 25 02.6160
10 23 44.4543211632 -57 38 31.5349
05 22 43.9986915696 +33 26 26.6564
18 02 23.5527520992 -23 01 50.9995
07 06 35.9651934840 -12 23 38.2206
18 20 17.1780632592 -12 10 19.2239
19 45 42.1151605392 +25 21 16.4098
19 42 11.4694253544 +23 26 00.5213
18 20 34.0956630648 -13 57 15.7172
11 26 36.9049962456 -59 26 13.5941
03 59 07.4899665432 +57 14 11.6618
11 38 12.1672877688 -63 23 26.7997
11 39 45.8384076768 -63 28 40.1176
06 42 40.54719 +01 42 58.2571     
08 39 09.53412 -40 25 09.2608     
10 39 36.8683124520 -57 27 40.6342
22 52 30.5558211936 +62 26 25.9471
18 01 52.2806275248 -19 06 22.0795
21 07 55.4150161776 +33 23 49.2285
00 52 48.9538781352 +56 37 30.8454
07 22 02.0546074728 -08 58 45.7663
08 54 00.6139723224 -42 29 08.7634
02 32 16.7518284696 +61 33 14.9964
15 55 39.60148 -54 38 36.6363     
14 07 25.6396562448 -60 28 14.1557
18 00 19.9545202536 -28 37 14.6583
18 11 57.0991622952 -20 25 24.1493
18 23 25.5605003784 -26 57 10.8440
21 11 48.23752 +59 59 11.8024     
21 38 26.2840588344 +56 58 25.4590
05 33 41.1526952280 +36 27 34.9675
22 00 39.2649125112 +62 29 16.0638
07 10 08.1487629504 -11 48 09.8389
16 54 06.7182176904 -41 51 06.9790
16 54 14.1033282720 -41 50 08.5035
11 10 42.0464340864 -60 23 04.1159
19 47 02.7408701112 +24 50 55.5516
14 49 33.7650740400 -56 25 38.4746
18 16 58.5644126712 -18 58 05.1940
01 32 32.7211393416 +61 07 45.8411
19 46 15.9013838928 +32 06 58.1654
13 30 23.5185791544 -78 51 20.5477
12 09 44.5819662312 -62 34 54.6262
10 44 29.4771423744 -59 57 18.0945
13 08 07.0496536968 -65 18 26.9799
16 54 11.5173615984 -41 38 30.9678
05 40 45.571207 -01 56 35.58704   
02 09 30.0715846272 +58 47 01.5517
07 14 28.2529558464 -10 18 58.4838
13 36 59.4939290040 -63 38 45.7142
02 32 10.8542551368 +61 33 07.9402
10 44 13.1976537888 -59 43 10.2490
10 47 12.6337916088 -60 05 50.8140
16 54 03.5909222280 -41 47 29.8412
07 53 01.0106116416 -27 06 57.7697
18 18 40.0938541704 -13 45 18.6032
13 51 33.9825427488 -58 32 22.2703
18 57 35.7085336776 -19 09 11.2641
11 08 42.6179945208 -57 03 56.9131
05 32 13.8496699896 +40 03 57.8974
12 55 57.1336250856 -56 50 08.9005
08 40 47.7915253032 -45 03 30.2355
16 30 23.3122183296 -37 58 21.1696
16 46 56.1174957336 -45 53 14.3123
17 15 50.1487325712 -45 54 38.7611
18 47 24.1813532856 -09 18 29.5232
04 03 15.6484849920 +56 32 24.8746
14 34 54.4331705640 -60 25 39.7629
11 40 37.0025910815 -62 34 05.1664
05 40 45.527143 -01 56 33.26036   
18 15 12.9063291264 -20 43 41.7676
02 15 45.9350391312 +55 59 46.7274
16 52 47.3744351712 -41 47 08.9909
18 43 29.7070060440 -09 19 12.6061
03 00 29.7126315336 +62 43 19.0520
08 47 25.1378783304 -36 45 02.6704
10 48 15.5224786176 -60 15 56.7680
10 52 23.277192 -58 44 47.56704   
13 34 11.9821045680 -62 25 01.7837
20 23 59.1861751224 +39 06 15.2911
17 16 26.3328574536 -42 40 04.1225
00 56 14.2146529032 +61 45 36.9748
18 25 38.9003265072 -14 45 05.7080
02 21 52.4121560832 +56 54 18.0320
08 55 07.1436167808 -47 36 27.1617
20 18 29.6946566952 +38 52 39.7748
02 34 02.5297182912 +61 23 10.8777
22 56 47.1887590800 +62 43 37.6571
05 35 40.5264730272 +21 24 11.7196
06 33 50.9566745256 +04 31 31.6131
00 59 47.5908405456 +63 36 28.2505
18 24 20.6512654464 -10 48 34.3100
14 18 11.9392840920 -51 30 13.8552
08 45 10.3405991688 -46 02 19.2396
06 08 55.8226126488 +15 42 18.1921
18 06 04.6792554840 -24 11 43.8903
06 05 52.4562749544 +48 14 57.4178
06 31 20.8608343776 +04 50 03.8425
16 54 25.9691286216 -41 49 55.7681
00 52 49.5560247120 +56 37 36.8230
20 36 18.2062785936 +37 25 02.8154
16 37 10.5115048704 -47 07 49.8286
17 59 26.3102746896 -22 28 00.8616
16 53 51.6564464880 -41 50 32.7164
11 37 58.4451890256 -63 18 59.4551
18 58 10.7660947512 -20 25 25.5419
21 18 27.1862219256 +43 56 45.3991
11 11 49.5794597256 -60 41 58.2634
03 58 57.9022917 +35 47 27.713205 
16 44 07.2107267688 -46 08 29.8433
02 32 56.3830465728 +55 19 39.0559
05 42 31.1584798320 +36 12 00.5083
07 00 21.0763468632 -05 49 35.9542
18 39 03.7744177488 -07 51 35.4407
22 11 30.5765111040 +59 24 52.1542
04 32 01.8407070864 +53 54 39.0157
10 15 40.0854126480 -51 15 24.0932
18 04 37.3575698448 +01 55 08.3756
23 20 44.5134945744 +61 11 40.5305
20 12 33.1203741480 +40 16 05.4456
22 23 17.4198642168 +55 38 02.1957
07 01 27.0486333888 -03 07 03.2862
11 46 54.4041886200 -61 27 46.9873
16 37 09.5390545 -10 34 01.529471 
02 11 29.7003301008 +56 09 31.7217
20 08 07.1135347944 +42 36 21.9624
10 22 20.8753379544 -59 45 19.6927
10 48 23.5113981120 +37 34 13.0833
13 32 08.5985517168 -60 48 55.4845
10 33 30.2993151816 -60 07 40.0441
02 22 10.7004415512 +59 32 58.8932
10 45 12.7214663496 -59 44 46.1491
16 46 34.1955926208 -41 36 38.5226
03 14 05.3361655368 +59 33 48.4855
22 02 04.5726270264 +58 00 01.3097
05 35 22.9012398264 -05 24 57.8326
05 35 25.9819073 -05 54 35.643537 
10 44 22.9085235888 -59 59 35.9704
17 18 45.8116958160 -42 53 29.9284
05 39 24.8024332824 +30 53 26.7635
17 29 12.9252525072 -31 32 03.4273
10 45 16.5181708560 -59 43 37.0508
15 16 56.8959099600 -60 57 26.1200
17 49 16.5582018192 -31 15 18.0687
16 53 59.9905195488 -41 42 52.8172
20 18 06.98820 +40 43 55.5001     
13 18 35.3592390638 -62 29 28.4078
02 40 44.9492589168 +61 16 55.9956
16 46 38.8728467256 -47 05 24.6236
11 07 13.9342973568 -59 52 23.1805
11 31 10.9241479224 -65 44 32.0991
02 27 59.8113542520 +52 32 57.5898
20 23 22.8403601136 +40 09 22.5238
20 18 47.2202814912 +36 20 26.0851
20 18 47.2202814912 +36 20 26.0851
14 10 43.9689754248 -62 28 44.4500
14 10 43.9689754248 -62 28 44.4500
00 17 43.0633133256 +51 25 59.1164
16 41 19.4443334664 -48 45 47.5687
16 41 19.4443334664 -48 45 47.5687
18 17 28.5570708120 -18 27 48.4249
18 17 28.5570708120 -18 27 48.4249
20 07 23.6852363280 +35 43 05.8687
20 07 23.6852363280 +35 43 05.8687
20 52 03.5771840640 +34 39 27.4861
22 46 54.1107754872 +58 05 03.5337
17 19 46.1639892408 -36 05 52.3374
17 19 46.1639892408 -36 05 52.3374
10 45 44.1198371784 -59 24 28.1533
06 37 24.0420854544 +06 08 07.3691
05 22 29.3024469216 +33 30 50.4541
05 22 29.3024469216 +33 30 50.4541
18 12 24.6551425392 -10 43 53.0607
18 12 24.6551425392 -10 43 53.0607
10 37 18.6300239328 -58 37 41.7787
18 09 17.6999100192 -23 59 18.2311
16 54 32.0048577720 -41 48 18.8489
10 44 00.3711575208 -59 52 27.5217
17 01 13.0078001616 -38 12 11.8863
14 15 01.60615 -61 42 24.3831     
10 44 08.8380609288 -59 34 34.5097
17 15 22.3245385176 -38 12 46.6905
20 35 18.5652236712 +46 50 02.9139
11 39 49.9553334624 -63 28 43.5494
11 39 49.9553334624 -63 28 43.5494
18 05 10.5506592816 -24 23 54.8477
18 05 10.5506592816 -24 23 54.8477
06 31 38.3968383096 +05 01 36.3964
00 02 10.2887046096 +67 24 32.2288
00 02 10.2887046096 +67 24 32.2288
02 51 14.4527711976 +60 23 10.0572
07 09 20.2493151288 -10 20 47.6350
10 37 22.9650846624 -58 37 22.9595
13 14 44.38260 -63 34 51.8077     
13 34 43.4076221487 -63 20 07.6170
16 54 10.0618206816 -41 49 30.1392
18 03 56.8425865728 -24 18 45.1180
18 15 12.9690278832 -20 23 16.6910
18 18 36.0418343184 -13 47 36.4497
05 29 42.6497086888 +35 22 30.0977
08 50 21.0167636904 -42 05 23.2470
16 36 22.5628499784 -42 51 31.9021
06 41 59.2308626256 +06 20 43.5325
11 10 05.9922642600 -60 14 56.8909
16 54 05.2976157264 -41 04 46.1177
18 21 02.2332989664 -16 01 01.0072
21 38 57.6195772032 +57 29 20.5540
10 45 12.2210285688 -59 45 00.4410
07 52 20.2841727949 -26 25 46.6830
11 38 20.36114 -63 22 21.8889     
20 35 12.6369328512 +46 51 12.1084
10 45 12.8686809888 -59 44 19.2050
16 53 55.6078109256 -41 52 51.4964
18 03 40.3201232304 -24 22 42.8575
18 18 05.8947362832 -12 14 33.3136
17 21 15.7981421496 -37 59 09.5473
14 20 09.0397470528 -61 04 54.6213
22 26 52.3646255520 +63 43 04.9121
20 33 50.367 +45 39 40.95         
20 17 07.5342291168 +41 57 26.4772
18 18 56.1894798360 -13 48 31.0925
18 22 22.318 -14 37 08.46         
20 25 22.1272777920 +40 13 01.2069
03 59 18.2933470368 +57 14 13.7572
02 31 57.0901516200 +61 36 43.9486
11 37 48.4343499072 -63 19 23.5185
13 16 04.8010592232 -62 35 01.4907
16 41 20.4155898816 -48 45 46.7304
02 32 42.5366901168 +61 27 21.5729
02 51 07.97514 +60 25 03.8720     
02 59 23.1709737312 +60 33 59.5196
05 38 44.7653828520 -02 36 00.2831
10 37 22.2806454192 -58 37 22.8525
10 44 33.7393258944 -59 44 15.4344
07 18 40.3789353696 -24 33 31.3182
17 03 56.7725629224 -37 50 38.9133
21 28 57.7592315784 +58 44 23.2384
18 55 23.1255094080 +09 20 48.0874
08 14 03.7995306624 -36 57 07.9380
17 24 43.50 -34 11 56.8           
10 44 10.3890266112 -59 43 11.1065
22 20 21.7733465688 +56 08 52.3410
22 55 44.9377506456 +56 28 36.6444
05 20 00.6489369168 +38 54 43.5054
22 55 08.4862176048 +56 22 58.9003
10 44 47.3048862456 -59 43 53.2779
00 01 46.8678793584 +67 30 25.1023
20 17 29.7041883216 +37 18 31.1282
13 52 56.4133904568 -62 43 14.2603
17 15 19.2478670712 -33 32 54.2993
06 27 15.7784072112 +14 53 21.2129
03 55 23.0777456088 +31 02 45.0398
05 54 44.7315378936 +13 51 17.0643
07 37 05.7325392528 +16 54 15.3003
05 35 16.4662967280 -05 23 22.9218
16 33 52.3869185520 -48 06 40.4764
08 03 35.04754 -40 00 11.3321     
19 58 21.6757355952 +35 12 05.7845
00 06 03.3890541936 +63 40 46.7712
20 09 28.6105997664 +35 44 01.2864
07 55 52.8512069760 -28 37 46.7912
18 05 25.7344895280 -23 00 20.3349
10 58 45.4633977552 -61 10 42.9554
16 55 06.4499424072 -44 59 21.3647
16 54 58.5051071856 -41 09 03.0930
