287.41 -0.573805
80.2426 0.804845
72.5853 2.61364
134.767 0.858221
137.731 -2.73073
134.995 -1.74469
80.1663 0.761491
267.982 -1.35656
348.757 -0.777001
80.5664 0.833628
21.3286 1.20212
78.7597 2.07192
355.36 -6.10422
12.9706 13.3103
253.614 -0.304574
77.0017 1.79829
289.765 -1.80883
342.812 1.69837
56.4825 -4.33136
74.9011 1.47937
351.218 1.35911
138.768 -2.07601
18.6457 -3.08972
170.038 0.270641
343.616 1.93785
117.443 -0.14386
19.0827 2.14172
4.53671 0.301213
288.049 0.39655
313.54 0.137059
263.955 -0.469744
103.136 6.99489
144.066 14.0424
343.449 1.16485
87.2899 -2.66292
99.8471 -3.12944
104.871 5.39064
261.755 -3.77185
238.181 -5.54296
343.362 0.888351
108.063 -6.89263
349.97 3.21506
311.015 -2.79791
270.225 -3.3707
80.9929 10.0916
203.856 -17.7397
298.945 -7.05507
82.3557 2.95708
339.38 2.51261
117.226 -1.24103
296.508 4.01668
81.1843 6.60709
341.062 -4.21909
343.154 1.09636
210.035 -2.11051
254.469 -2.02302
128.286 1.81646
344.565 1.89199
353.169 0.890307
287.507 -0.542271
16.9372 0.837482
288.242 -0.902509
18.4388 1.62279
344.811 1.60519
290.727 -0.34161
351.178 0.482574
72.4673 2.01831
287.441 -0.588421
80.2224 1.02411
7.05199 0.687804
351.347 0.607776
195.052 -11.9951
305.411 -0.822349
109.315 -1.79398
287.407 -0.359341
148.838 -0.70849
76.1497 1.28332
138.002 -2.87793
253.643 -0.451927
290.401 -0.798071
350.544 3.19452
77.4349 6.17189
243.137 0.713078
287.405 -0.578341
206.438 -2.07373
290.269 0.329073
134.769 1.01442
287.594 -0.612928
351.317 0.917497
206.306 -2.0695
287.566 -0.711003
294.782 -1.49045
287.485 -0.535199
287.602 -0.737415
190.043 0.48477
345.261 1.47272
285.525 -0.0493188
14.3413 -0.0731119
133.108 -3.39815
287.736 -1.01598
285.697 0.0672654
287.667 -1.04621
173.654 -1.74396
344.84 1.82951
173.038 -0.0921337
320.127 -2.64229
287.34 1.27454
290.735 1.53303
294.806 -1.48749
77.8716 4.24657
205.81 -0.549098
274.467 -0.24527
206.22 -2.03889
287.405 -0.575268
235.641 -4.01749
140.778 -18.2005
287.64 -1.19179
343.457 1.16537
287.665 -1.05357
96.6509 -16.9833
109.927 2.39311
290.09 0.574175
206.313 -2.00348
132.905 -5.86563
287.613 -1.13024
78.5291 4.65828
352.496 2.66984
237.286 -27.1021
172.081 -2.25923
101.599 4.67273
210.436 -20.983
287.41 -0.5742
6.00892 -1.205
123.123 -6.24359
75.9225 0.820819
192.315 3.35663
287.788 -0.712929
287.39 -0.585348
18.3192 1.86927
115.897 -1.15989
133.844 1.17246
134.533 2.46281
294.942 -1.68638
85.6967 -0.2996
293.613 -1.28376
173.583 -1.66857
71.5826 2.86948
287.78 -0.841362
345.012 -0.296729
59.4021 -0.152578
287.445 -0.587794
202.936 2.19849
173.609 -1.71545
134.706 0.936483
137.42 1.27924
301.801 2.19907
76.8648 1.61548
72.1667 2.62182
70.7261 1.21038
344.617 1.61092
355.667 0.049309
192.401 3.2098
208.73 -2.63105
107.178 -0.95372
107.446 5.02055
284.176 -0.251457
173.561 -1.66402
6.99952 -0.254975
225.679 -2.31573
18.5662 1.24599
61.4721 0.378681
59.4084 0.113281
17.0265 0.345324
292.329 1.67712
146.252 3.12339
294.84 -1.67547
295.032 -1.71078
210.405 -1.16584
260.182 0.643141
285.916 0.989137
109.652 2.67567
10.3529 1.78862
78.4363 -9.54437
123.123 -6.246
224.414 2.62742
263.535 1.52096
134.64 0.99612
327.558 -0.830481
312.166 1.03161
1.9099 -2.61662
10.358 -0.924167
5.82103 -6.31285
98.5202 7.98517
98.8944 3.40025
172.294 1.87761
104.578 5.86935
225.551 -1.27622
343.437 1.17501
343.464 1.16746
290.793 0.0911334
61.1877 -0.138513
318.768 2.76854
12.2017 -1.26813
127.875 -1.34721
67.3909 3.65819
304.882 -16.1317
298.153 -0.0976113
287.66 -0.902095
304.674 -2.49219
343.609 1.29585
206.453 -16.5853
132.912 -2.56707
224.726 0.354775
307.962 -1.22004
134.63 0.98987
287.52 -0.710018
288.027 -0.870786
343.478 1.22059
243.822 0.140909
16.9843 0.845916
310.725 3.41943
16.3922 -9.91516
289.284 3.05877
169.108 3.59858
303.553 6.0305
264.041 -1.95014
343.376 7.15067
339.507 -0.410015
342.574 -4.39494
24.1814 -3.34175
147.137 2.96889
315.366 -0.0781608
294.877 -0.809118
206.452 -16.5852
10.4557 -1.74076
134.581 -4.95637
343.332 1.4077
23.7322 -2.48834
137.12 3.46083
258.289 4.17683
288.22 -0.960858
288.006 0.63183
307.859 0.04478
77.397 0.930101
345.287 -2.60699
123.5 -1.10619
16.8993 -1.11522
135.077 -3.81903
267.578 -1.62968
76.6039 1.67925
134.898 0.921513
110.221 2.71977
185.219 -5.88631
206.897 -1.83632
123.86 0.751163
20.2362 1.00779
316.404 9.08407
265.285 -1.95182
194.145 -1.98109
6.39894 -1.5621
164.973 12.8935
206.336 -2.24719
343.49 1.14108
123.124 -6.24433
77.4548 -2.01712
337.465 0.0329954
7.15163 0.616068
343.415 1.21728
294.794 -1.61136
15.2845 -10.5825
87.6101 -3.84107
291.04 -0.148561
160.372 -13.1065
338.996 -0.204605
137.092 -4.72901
173.464 3.24352
219.132 -0.679846
24.5309 -0.846553
103.828 2.61079
151.914 3.95082
279.694 4.44839
29.2695 11.2859
112.227 0.222029
77.1247 3.40379
103.049 -1.41144
216.848 0.802997
295.304 0.449251
6.28124 23.5877
133.962 -4.9889
78.6432 5.36943
285.159 -2.13145
183.14 62.152
307.876 1.66496
286.545 -1.71993
134.206 -1.32109
287.643 -0.675134
342.723 2.41124
140.117 1.53821
102.005 2.18345
209.048 -19.3722
209.522 -19.5835
287.666 -0.942348
345.35 -3.08461
177.63 -0.113636
355.907 1.59646
287.641 -0.654436
319.688 -2.91122
358.425 -1.87665
343.53 1.27781
78.0986 2.78066
306.061 0.215431
135.678 1.14528
338.559 -1.15178
290.197 0.396931
294.808 -4.14436
137.461 -7.57716
78.192 1.62916
74.5392 0.20309
74.5392 0.20309
311.949 -1.00361
311.949 -1.00361
117.588 -11.0884
336.71 -1.57243
336.71 -1.57243
12.7022 -1.13288
12.7022 -1.13288
72.7497 1.78125
72.7497 1.78125
77.2507 -6.22597
107.067 -0.898838
351.029 0.651745
351.029 0.651745
287.544 -0.344791
205.874 -0.311118
173.472 -1.66464
173.472 -1.66464
18.9198 3.62799
18.9198 3.62799
286.219 -0.178241
6.93671 -2.10343
343.523 1.14348
287.569 -0.859321
347.141 2.38003
312.666 -0.424946
287.444 -0.587812
348.797 0.145556
84.8791 3.78356
295.039 -1.7096
295.039 -1.7096
6.12126 -1.48191
6.12126 -1.48191
206.199 -2.09387
118.214 4.98963
118.214 4.98963
137.216 0.880275
224.168 -0.77843
286.225 -0.169067
305.521 -0.826489
307.766 -0.870666
343.464 1.18392
6.05912 -1.19587
10.7552 -1.57888
16.9428 0.842245
172.761 0.610349
262.798 1.25296
340.538 3.00578
206.21 0.798241
290.672 0.188082
344.034 1.66556
15.2605 -0.726301
99.2904 3.73832
287.644 -0.679136
243.155 0.36296
294.85 -1.65388
84.8844 3.80859
287.639 -0.668367
343.393 1.18344
5.97076 -1.17368
18.2514 1.68394
349.65 -0.671248
313.45 -0.0347174
107.73 5.19836
83.7839 3.28851
79.012 3.6199
16.968 0.763238
16.6456 -0.352989
78.4601 1.35346
146.27 3.13969
134.582 1.03508
294.778 -1.62304
305.764 0.152408
336.712 -1.57427
134.724 0.924778
137.19 0.902678
138.026 1.50025
206.816 -17.336
286.223 -0.16977
287.566 -0.705801
237.824 -5.36788
347.754 2.17348
99.1667 5.55255
41.707 3.37841
254.518 -1.33062
353.168 0.894737
287.515 -0.712997
102.981 -0.757218
107.421 -2.8704
168.749 0.998444
107.304 -2.91873
287.589 -0.68704
118.196 5.093
75.1947 0.961028
309.912 -0.685394
352.586 2.86832
196.959 1.52465
163.081 -17.1362
194.074 -5.87653
202.513 17.5243
209.011 -19.384
336.366 -0.218128
255.976 -4.70569
71.335 3.06683
117.927 1.24979
72.9917 1.43439
245.445 -0.0980588
7.36476 -0.851097
289.774 -1.21898
341.113 -0.940816
344.084 1.49085
